113626301
249623581
619759981
864621029
898716289
929888489
1103544881
1183054421
1243881161
1250830181
1254440981
1257369961
1272463669
1400854061
1430304641
1721654021
1756312321
1807833089
1887350981
1954186121
1994716169
2033781749
2055693949
2218731269
2239198601
2283397141
2363917709
2469346109
2495722841
2521397009
2667553061
2825712581
2835190349
2853979229
2947036109
2957681429
3012968969
3165936229
3272733701
3277334189
3278341589
3527085701
3694741181
3703811101
3799132949
3896895701
4038098741
4125518669
4197806609
4204363049
4240606549
4294405021
4415554861
4552074749
4587816749
4606015301
4626852421
4634502941
4656595121
4795199161
4857542681
4863634481
4957793741
5063506829
5065553749
5089569029
5108414321
5160837629
5168156549
5322605921
5424295841
5599675241
5724038381
5768629481
5790714929
5891703341
5923308401
5976394709
5994934469
