1272463669
2055693949
2521397009
2825712581
3272733701
4294405021
4656595121
4863634481
5322605921
5891703341
6182778689
6243310961
6318909349
6799209161
6959353469
7030596821
7384818341
7822668941
7884753509
8051850509
9176747449
9592992569
9938253881
10219956809
12239910901
12329023901
12715322021
12875835101
13019555909
13707375041
14211561209
14348400301
14716728809
14906104001
15457743089
16164077849
16634441669
16907553469
17128749661
17522069549
17525486369
17813640521
18536541449
19087293209
19107588881
19121013781
19382860429
19414555541
19455572581
19907872949
20018013809
20216282369
20712028301
21519612349
21804897349
22274083061
22366623809
22404901349
22545135161
22963459769
23188329401
23258723401
23616331489
23957301161
24067954049
24107381861
24164373089
24231248869
25064476709
25642980821
26315891221
26996475661
27210465281
28206040469
28452011741
28617501461
28620583001
28744176301
29102744501
29215540909
29429820709
29670270761
29842236269
29993958229
30051640121
30316623581
30402451889
30859791401
30916579781
31142073569
31183209329
31298594149
32168522101
32713490729
32735131061
32764482581
32836066721
33148439561
