best tested=1 count=429 prefix=92
I=0,5,96,100,104,108,112,116,
J=6,11,16,21,26,31,36,41,46,51,56,61,66,71,76,81,86,
K=0,1,2,3,4,205,206,207,208,209,210,340,341,342,343,344,345,
best tested=7504 count=433 prefix=93
I=0,5,96,100,104,108,112,116,
J=7,12,17,22,27,32,37,42,47,52,57,62,67,72,77,82,87,
K=0,1,2,3,4,205,206,207,208,209,210,340,341,342,343,344,345,
best tested=15007 count=437 prefix=94
I=0,5,96,100,104,108,112,116,
J=8,13,18,23,28,33,38,43,48,53,58,63,68,73,78,83,88,
K=0,1,2,3,4,205,206,207,208,209,210,340,341,342,343,344,345,
best tested=22510 count=440 prefix=95
I=0,5,96,100,104,108,112,116,
J=9,14,19,24,29,34,39,44,49,54,59,64,69,74,79,84,89,
K=0,1,2,3,4,205,206,207,208,209,210,340,341,342,343,344,345,
best tested=22571 count=441 prefix=95
I=0,5,96,100,104,108,112,116,
J=9,14,19,24,29,34,39,44,49,54,59,64,69,74,79,84,89,
K=0,1,2,3,4,206,207,208,209,210,211,340,341,342,343,344,345,
best tested=30013 count=444 prefix=195
I=0,5,96,100,104,108,112,116,
J=10,15,20,25,30,35,40,45,50,55,60,65,70,75,80,85,90,
K=0,1,2,3,4,205,206,207,208,209,210,340,341,342,343,344,345,
best tested=30135 count=445 prefix=195
I=0,5,96,100,104,108,112,116,
J=10,15,20,25,30,35,40,45,50,55,60,65,70,75,80,85,90,
K=0,1,2,3,4,207,208,209,210,211,212,340,341,342,343,344,345,
best tested=70029 count=458 prefix=204
I=0,5,96,101,106,111,116,121,
J=6,12,18,24,30,36,42,48,54,60,66,72,78,84,90,96,102,
K=0,1,2,3,4,205,206,207,208,209,210,340,341,342,343,344,345,
best tested=70090 count=459 prefix=204
I=0,5,96,101,106,111,116,121,
J=6,12,18,24,30,36,42,48,54,60,66,72,78,84,90,96,102,
K=0,1,2,3,4,206,207,208,209,210,211,340,341,342,343,344,345,
best tested=70151 count=460 prefix=204
I=0,5,96,101,106,111,116,121,
J=6,12,18,24,30,36,42,48,54,60,66,72,78,84,90,96,102,
K=0,1,2,3,4,207,208,209,210,211,212,340,341,342,343,344,345,
best tested=70212 count=461 prefix=204
I=0,5,96,101,106,111,116,121,
J=6,12,18,24,30,36,42,48,54,60,66,72,78,84,90,96,102,
K=0,1,2,3,4,208,209,210,211,212,213,340,341,342,343,344,345,
best tested=70273 count=462 prefix=204
I=0,5,96,101,106,111,116,121,
J=6,12,18,24,30,36,42,48,54,60,66,72,78,84,90,96,102,
K=0,1,2,3,4,209,210,211,212,213,214,340,341,342,343,344,345,
best tested=70456 count=463 prefix=204
I=0,5,96,101,106,111,116,121,
J=6,12,18,24,30,36,42,48,54,60,66,72,78,84,90,96,102,
K=0,1,2,3,4,212,213,214,215,216,217,340,341,342,343,344,345,
best tested=70517 count=464 prefix=204
I=0,5,96,101,106,111,116,121,
J=6,12,18,24,30,36,42,48,54,60,66,72,78,84,90,96,102,
K=0,1,2,3,4,213,214,215,216,217,218,340,341,342,343,344,345,
best tested=70579 count=465 prefix=204
I=0,5,96,101,106,111,116,121,
J=6,12,18,24,30,36,42,48,54,60,66,72,78,84,90,96,102,
K=0,1,2,3,4,214,215,216,217,218,219,341,342,343,344,345,346,
best tested=70827 count=466 prefix=204
I=0,5,96,101,106,111,116,121,
J=6,12,18,24,30,36,42,48,54,60,66,72,78,84,90,96,102,
K=0,1,2,3,4,218,219,220,221,222,223,345,346,347,348,349,350,
best tested=70889 count=467 prefix=204
I=0,5,96,101,106,111,116,121,
J=6,12,18,24,30,36,42,48,54,60,66,72,78,84,90,96,102,
K=0,1,2,3,4,219,220,221,222,223,224,346,347,348,349,350,351,
best tested=71199 count=468 prefix=204
I=0,5,96,101,106,111,116,121,
J=6,12,18,24,30,36,42,48,54,60,66,72,78,84,90,96,102,
K=0,1,2,3,4,224,225,226,227,228,229,351,352,353,354,355,356,
best tested=78454 count=468 prefix=205
I=0,5,96,101,106,111,116,121,
J=7,13,19,25,31,37,43,49,55,61,67,73,79,85,91,97,103,
K=0,1,2,3,4,220,221,222,223,224,225,347,348,349,350,351,352,
best tested=78764 count=469 prefix=205
I=0,5,96,101,106,111,116,121,
J=7,13,19,25,31,37,43,49,55,61,67,73,79,85,91,97,103,
K=0,1,2,3,4,225,226,227,228,229,230,352,353,354,355,356,357,
best tested=86019 count=469 prefix=206
I=0,5,96,101,106,111,116,121,
J=8,14,20,26,32,38,44,50,56,62,68,74,80,86,92,98,104,
K=0,1,2,3,4,221,222,223,224,225,226,348,349,350,351,352,353,
best tested=86329 count=470 prefix=206
I=0,5,96,101,106,111,116,121,
J=8,14,20,26,32,38,44,50,56,62,68,74,80,86,92,98,104,
K=0,1,2,3,4,226,227,228,229,230,231,353,354,355,356,357,358,
best tested=93584 count=470 prefix=207
I=0,5,96,101,106,111,116,121,
J=9,15,21,27,33,39,45,51,57,63,69,75,81,87,93,99,105,
K=0,1,2,3,4,222,223,224,225,226,227,349,350,351,352,353,354,
best tested=93894 count=471 prefix=207
I=0,5,96,101,106,111,116,121,
J=9,15,21,27,33,39,45,51,57,63,69,75,81,87,93,99,105,
K=0,1,2,3,4,227,228,229,230,231,232,354,355,356,357,358,359,
best tested=101149 count=471 prefix=208
I=0,5,96,101,106,111,116,121,
J=10,16,22,28,34,40,46,52,58,64,70,76,82,88,94,100,106,
K=0,1,2,3,4,223,224,225,226,227,228,350,351,352,353,354,355,
best tested=101459 count=472 prefix=208
I=0,5,96,101,106,111,116,121,
J=10,16,22,28,34,40,46,52,58,64,70,76,82,88,94,100,106,
K=0,1,2,3,4,228,229,230,231,232,233,355,356,357,358,359,360,
best tested=205271 count=473 prefix=204
I=0,5,96,103,110,117,124,131,
J=6,12,18,24,30,36,42,48,54,60,66,72,78,84,90,96,102,
K=0,1,2,3,4,208,209,210,211,212,213,345,346,347,348,349,350,
best tested=205333 count=474 prefix=204
I=0,5,96,103,110,117,124,131,
J=6,12,18,24,30,36,42,48,54,60,66,72,78,84,90,96,102,
K=0,1,2,3,4,209,210,211,212,213,214,346,347,348,349,350,351,
best tested=205395 count=475 prefix=204
I=0,5,96,103,110,117,124,131,
J=6,12,18,24,30,36,42,48,54,60,66,72,78,84,90,96,102,
K=0,1,2,3,4,210,211,212,213,214,215,347,348,349,350,351,352,
best tested=205581 count=476 prefix=204
I=0,5,96,103,110,117,124,131,
J=6,12,18,24,30,36,42,48,54,60,66,72,78,84,90,96,102,
K=0,1,2,3,4,213,214,215,216,217,218,350,351,352,353,354,355,
best tested=205643 count=477 prefix=204
I=0,5,96,103,110,117,124,131,
J=6,12,18,24,30,36,42,48,54,60,66,72,78,84,90,96,102,
K=0,1,2,3,4,214,215,216,217,218,219,351,352,353,354,355,356,
best tested=205705 count=478 prefix=204
I=0,5,96,103,110,117,124,131,
J=6,12,18,24,30,36,42,48,54,60,66,72,78,84,90,96,102,
K=0,1,2,3,4,215,216,217,218,219,220,352,353,354,355,356,357,
best tested=205767 count=479 prefix=204
I=0,5,96,103,110,117,124,131,
J=6,12,18,24,30,36,42,48,54,60,66,72,78,84,90,96,102,
K=0,1,2,3,4,216,217,218,219,220,221,353,354,355,356,357,358,
best tested=206015 count=480 prefix=204
I=0,5,96,103,110,117,124,131,
J=6,12,18,24,30,36,42,48,54,60,66,72,78,84,90,96,102,
K=0,1,2,3,4,220,221,222,223,224,225,357,358,359,360,361,362,
best tested=206077 count=481 prefix=204
I=0,5,96,103,110,117,124,131,
J=6,12,18,24,30,36,42,48,54,60,66,72,78,84,90,96,102,
K=0,1,2,3,4,221,222,223,224,225,226,358,359,360,361,362,363,
best tested=206139 count=482 prefix=204
I=0,5,96,103,110,117,124,131,
J=6,12,18,24,30,36,42,48,54,60,66,72,78,84,90,96,102,
K=0,1,2,3,4,222,223,224,225,226,227,359,360,361,362,363,364,
best tested=206449 count=483 prefix=204
I=0,5,96,103,110,117,124,131,
J=6,12,18,24,30,36,42,48,54,60,66,72,78,84,90,96,102,
K=0,1,2,3,4,227,228,229,230,231,232,364,365,366,367,368,369,
best tested=206511 count=484 prefix=204
I=0,5,96,103,110,117,124,131,
J=6,12,18,24,30,36,42,48,54,60,66,72,78,84,90,96,102,
K=0,1,2,3,4,228,229,230,231,232,233,365,366,367,368,369,370,
best tested=206883 count=485 prefix=204
I=0,5,96,103,110,117,124,131,
J=6,12,18,24,30,36,42,48,54,60,66,72,78,84,90,96,102,
K=0,1,2,3,4,234,235,236,237,238,239,371,372,373,374,375,376,
best tested=214076 count=485 prefix=205
I=0,5,96,103,110,117,124,131,
J=7,13,19,25,31,37,43,49,55,61,67,73,79,85,91,97,103,
K=0,1,2,3,4,229,230,231,232,233,234,366,367,368,369,370,371,
best tested=214448 count=486 prefix=205
I=0,5,96,103,110,117,124,131,
J=7,13,19,25,31,37,43,49,55,61,67,73,79,85,91,97,103,
K=0,1,2,3,4,235,236,237,238,239,240,372,373,374,375,376,377,
best tested=221641 count=487 prefix=115
I=0,5,96,103,110,117,124,131,
J=8,14,20,26,32,38,44,50,56,62,68,74,80,86,92,98,104,
K=0,1,2,3,4,230,231,232,233,234,235,367,368,369,370,371,372,
best tested=222013 count=488 prefix=115
I=0,5,96,103,110,117,124,131,
J=8,14,20,26,32,38,44,50,56,62,68,74,80,86,92,98,104,
K=0,1,2,3,4,236,237,238,239,240,241,373,374,375,376,377,378,
best tested=477054 count=488 prefix=205
I=0,5,97,104,111,118,125,132,
J=6,12,18,24,30,36,42,48,54,60,66,72,78,84,90,96,102,
K=0,1,2,3,4,235,236,237,238,239,240,373,374,375,376,377,378,
best tested=499377 count=489 prefix=116
I=0,5,97,104,111,118,125,132,
J=9,15,21,27,33,39,45,51,57,63,69,75,81,87,93,99,105,
K=0,1,2,3,4,232,233,234,235,236,237,370,371,372,373,374,375,
best tested=746791 count=489 prefix=206
I=0,5,98,105,112,119,126,133,
J=6,12,18,24,30,36,42,48,54,60,66,72,78,84,90,96,102,
K=0,1,2,3,4,229,230,231,232,233,234,368,369,370,371,372,373,
best tested=746853 count=490 prefix=206
I=0,5,98,105,112,119,126,133,
J=6,12,18,24,30,36,42,48,54,60,66,72,78,84,90,96,102,
K=0,1,2,3,4,230,231,232,233,234,235,369,370,371,372,373,374,
best tested=1016590 count=490 prefix=207
I=0,5,99,106,113,120,127,134,
J=6,12,18,24,30,36,42,48,54,60,66,72,78,84,90,96,102,
K=0,1,2,3,4,224,225,226,227,228,229,364,365,366,367,368,369,
best tested=1016652 count=491 prefix=207
I=0,5,99,106,113,120,127,134,
J=6,12,18,24,30,36,42,48,54,60,66,72,78,84,90,96,102,
K=0,1,2,3,4,225,226,227,228,229,230,365,366,367,368,369,370,
best tested=1016962 count=492 prefix=207
I=0,5,99,106,113,120,127,134,
J=6,12,18,24,30,36,42,48,54,60,66,72,78,84,90,96,102,
K=0,1,2,3,4,230,231,232,233,234,235,370,371,372,373,374,375,
best tested=1017024 count=493 prefix=207
I=0,5,99,106,113,120,127,134,
J=6,12,18,24,30,36,42,48,54,60,66,72,78,84,90,96,102,
K=0,1,2,3,4,231,232,233,234,235,236,371,372,373,374,375,376,
best tested=1286761 count=493 prefix=208
I=0,5,100,107,114,121,128,135,
J=6,12,18,24,30,36,42,48,54,60,66,72,78,84,90,96,102,
K=0,1,2,3,4,225,226,227,228,229,230,366,367,368,369,370,371,
best tested=1286823 count=494 prefix=208
I=0,5,100,107,114,121,128,135,
J=6,12,18,24,30,36,42,48,54,60,66,72,78,84,90,96,102,
K=0,1,2,3,4,226,227,228,229,230,231,367,368,369,370,371,372,
best tested=1556622 count=494 prefix=209
I=0,5,101,108,115,122,129,136,
J=6,12,18,24,30,36,42,48,54,60,66,72,78,84,90,96,102,
K=0,1,2,3,4,221,222,223,224,225,226,363,364,365,366,367,368,
best tested=1556870 count=495 prefix=209
I=0,5,101,108,115,122,129,136,
J=6,12,18,24,30,36,42,48,54,60,66,72,78,84,90,96,102,
K=0,1,2,3,4,225,226,227,228,229,230,367,368,369,370,371,372,
best tested=1556932 count=496 prefix=209
I=0,5,101,108,115,122,129,136,
J=6,12,18,24,30,36,42,48,54,60,66,72,78,84,90,96,102,
K=0,1,2,3,4,226,227,228,229,230,231,368,369,370,371,372,373,
best tested=1556994 count=497 prefix=209
I=0,5,101,108,115,122,129,136,
J=6,12,18,24,30,36,42,48,54,60,66,72,78,84,90,96,102,
K=0,1,2,3,4,227,228,229,230,231,232,369,370,371,372,373,374,
best tested=2517868 count=497 prefix=215
I=0,5,105,110,115,120,125,130,
J=8,14,20,26,32,38,44,50,56,62,68,74,80,86,92,98,104,
K=0,1,2,3,4,235,236,237,238,239,240,371,372,373,374,375,376,
best tested=2525123 count=497 prefix=216
I=0,5,105,110,115,120,125,130,
J=9,15,21,27,33,39,45,51,57,63,69,75,81,87,93,99,105,
K=0,1,2,3,4,231,232,233,234,235,236,367,368,369,370,371,372,
best tested=2525433 count=498 prefix=216
I=0,5,105,110,115,120,125,130,
J=9,15,21,27,33,39,45,51,57,63,69,75,81,87,93,99,105,
K=0,1,2,3,4,236,237,238,239,240,241,372,373,374,375,376,377,
best tested=2532688 count=498 prefix=217
I=0,5,105,110,115,120,125,130,
J=10,16,22,28,34,40,46,52,58,64,70,76,82,88,94,100,106,
K=0,1,2,3,4,232,233,234,235,236,237,368,369,370,371,372,373,
best tested=2532998 count=499 prefix=217
I=0,5,105,110,115,120,125,130,
J=10,16,22,28,34,40,46,52,58,64,70,76,82,88,94,100,106,
K=0,1,2,3,4,237,238,239,240,241,242,373,374,375,376,377,378,
best tested=2788039 count=500 prefix=216
I=0,5,106,111,116,121,126,131,
J=8,14,20,26,32,38,44,50,56,62,68,74,80,86,92,98,104,
K=0,1,2,3,4,236,237,238,239,240,241,373,374,375,376,377,378,
best tested=2795294 count=500 prefix=217
I=0,5,106,111,116,121,126,131,
J=9,15,21,27,33,39,45,51,57,63,69,75,81,87,93,99,105,
K=0,1,2,3,4,232,233,234,235,236,237,369,370,371,372,373,374,
best tested=2795604 count=501 prefix=217
I=0,5,106,111,116,121,126,131,
J=9,15,21,27,33,39,45,51,57,63,69,75,81,87,93,99,105,
K=0,1,2,3,4,237,238,239,240,241,242,374,375,376,377,378,379,
best tested=2802859 count=501 prefix=218
I=0,5,106,111,116,121,126,131,
J=10,16,22,28,34,40,46,52,58,64,70,76,82,88,94,100,106,
K=0,1,2,3,4,233,234,235,236,237,238,370,371,372,373,374,375,
best tested=3057900 count=502 prefix=217
I=0,5,107,112,117,122,127,132,
J=8,14,20,26,32,38,44,50,56,62,68,74,80,86,92,98,104,
K=0,1,2,3,4,232,233,234,235,236,237,370,371,372,373,374,375,
best tested=3065403 count=502 prefix=218
I=0,5,107,112,117,122,127,132,
J=9,15,21,27,33,39,45,51,57,63,69,75,81,87,93,99,105,
K=0,1,2,3,4,232,233,234,235,236,237,370,371,372,373,374,375,
best tested=3065465 count=503 prefix=218
I=0,5,107,112,117,122,127,132,
J=9,15,21,27,33,39,45,51,57,63,69,75,81,87,93,99,105,
K=0,1,2,3,4,233,234,235,236,237,238,371,372,373,374,375,376,
best tested=3072968 count=503 prefix=219
I=0,5,107,112,117,122,127,132,
J=10,16,22,28,34,40,46,52,58,64,70,76,82,88,94,100,106,
K=0,1,2,3,4,233,234,235,236,237,238,371,372,373,374,375,376,
best tested=3073030 count=504 prefix=219
I=0,5,107,112,117,122,127,132,
J=10,16,22,28,34,40,46,52,58,64,70,76,82,88,94,100,106,
K=0,1,2,3,4,234,235,236,237,238,239,372,373,374,375,376,377,
best tested=3328071 count=505 prefix=218
I=0,5,108,113,118,123,128,133,
J=8,14,20,26,32,38,44,50,56,62,68,74,80,86,92,98,104,
K=0,1,2,3,4,233,234,235,236,237,238,372,373,374,375,376,377,
best tested=3335574 count=505 prefix=219
I=0,5,108,113,118,123,128,133,
J=9,15,21,27,33,39,45,51,57,63,69,75,81,87,93,99,105,
K=0,1,2,3,4,233,234,235,236,237,238,372,373,374,375,376,377,
best tested=3342891 count=505 prefix=220
I=0,5,108,113,118,123,128,133,
J=10,16,22,28,34,40,46,52,58,64,70,76,82,88,94,100,106,
K=0,1,2,3,4,230,231,232,233,234,235,369,370,371,372,373,374,
best tested=3597932 count=506 prefix=219
I=0,5,109,114,119,124,129,134,
J=8,14,20,26,32,38,44,50,56,62,68,74,80,86,92,98,104,
K=0,1,2,3,4,229,230,231,232,233,234,369,370,371,372,373,374,
best tested=3605435 count=506 prefix=220
I=0,5,109,114,119,124,129,134,
J=9,15,21,27,33,39,45,51,57,63,69,75,81,87,93,99,105,
K=0,1,2,3,4,229,230,231,232,233,234,369,370,371,372,373,374,
best tested=3605497 count=507 prefix=220
I=0,5,109,114,119,124,129,134,
J=9,15,21,27,33,39,45,51,57,63,69,75,81,87,93,99,105,
K=0,1,2,3,4,230,231,232,233,234,235,370,371,372,373,374,375,
best tested=3613000 count=507 prefix=221
I=0,5,109,114,119,124,129,134,
J=10,16,22,28,34,40,46,52,58,64,70,76,82,88,94,100,106,
K=0,1,2,3,4,230,231,232,233,234,235,370,371,372,373,374,375,
best tested=3613062 count=508 prefix=221
I=0,5,109,114,119,124,129,134,
J=10,16,22,28,34,40,46,52,58,64,70,76,82,88,94,100,106,
K=0,1,2,3,4,231,232,233,234,235,236,371,372,373,374,375,376,
best tested=3882923 count=508 prefix=222
I=0,5,110,115,120,125,130,135,
J=10,16,22,28,34,40,46,52,58,64,70,76,82,88,94,100,106,
K=0,1,2,3,4,227,228,229,230,231,232,368,369,370,371,372,373,
best tested=4145467 count=509 prefix=222
I=0,5,111,116,121,126,131,136,
J=9,15,21,27,33,39,45,51,57,63,69,75,81,87,93,99,105,
K=0,1,2,3,4,226,227,228,229,230,231,368,369,370,371,372,373,
best tested=4145529 count=510 prefix=222
I=0,5,111,116,121,126,131,136,
J=9,15,21,27,33,39,45,51,57,63,69,75,81,87,93,99,105,
K=0,1,2,3,4,227,228,229,230,231,232,369,370,371,372,373,374,
best tested=4153032 count=510 prefix=223
I=0,5,111,116,121,126,131,136,
J=10,16,22,28,34,40,46,52,58,64,70,76,82,88,94,100,106,
K=0,1,2,3,4,227,228,229,230,231,232,369,370,371,372,373,374,
best tested=4422955 count=510 prefix=510
I=0,5,112,117,122,127,132,137,
J=10,16,22,28,34,40,46,52,58,64,70,76,82,88,94,100,106,
K=0,1,2,3,4,224,225,226,227,228,229,367,368,369,370,371,372,
NO_TARGET tested=9453780 best_count=510 best_prefix=510
I=0,5,112,117,122,127,132,137,
J=10,16,22,28,34,40,46,52,58,64,70,76,82,88,94,100,106,
K=0,1,2,3,4,224,225,226,227,228,229,367,368,369,370,371,372,
