# Exact Mahonian harness extension, m = 4..400
# Exact integer/Fraction arithmetic in every verdict; floats display-only.
# sigma^2 = m(m-1)(2m+5)/72; C_SHARP = 187/216 = 0.8657407407407407
# mfit column = m*(1 - varfit), predicted -> 27/25 = 1.08
   m      N argmin    mid          r-1       varfit     mfit verdict
   4      6      2      3   3.8889e-01 0.8425925926  0.62963   PASS
   5     10      5      5   2.1000e-01 0.8750000000  0.62500   PASS
   6     15      7      7   1.2222e-01 0.8657407407  0.80556   PASS
   7     21     10     10   7.9096e-02 0.8766478343  0.86347   PASS
   8     28     14     14   5.4250e-02 0.8860774730  0.91138   PASS
   9     36     18     18   3.8942e-02 0.8956682504  0.93899   PASS
  10     45     22     22   2.8950e-02 0.9046950274  0.95305   PASS
  11     55     27     27   2.2102e-02 0.9117265294  0.97101   PASS
  12     66     33     33   1.7258e-02 0.9175409322  0.98951   PASS
  13     78     39     39   1.3743e-02 0.9230850564  0.99989   PASS
  14     91     45     45   1.1127e-02 0.9281744558  1.00556   PASS
  15    105     52     52   9.1342e-03 0.9324535720  1.01320   PASS
  16    120     60     60   7.5904e-03 0.9361512758  1.02158   PASS
  17    136     68     68   6.3774e-03 0.9396057397  1.02670   PASS
  18    153     76     76   5.4106e-03 0.9427945751  1.02970   PASS
  19    171     85     85   4.6296e-03 0.9455935808  1.03372   PASS
  20    190     95     95   3.9919e-03 0.9480864571  1.03827   PASS
  21    210    105    105   3.4666e-03 0.9504186427  1.04121   PASS
  22    231    115    115   3.0297e-03 0.9525902569  1.04301   PASS
  23    253    126    126   2.6632e-03 0.9545468084  1.04542   PASS
  24    276    138    138   2.3535e-03 0.9563253511  1.04819   PASS
  25    300    150    150   2.0902e-03 0.9579979431  1.05005   PASS
  26    325    162    162   1.8647e-03 0.9595677063  1.05124   PASS
  27    351    175    175   1.6706e-03 0.9610069812  1.05281   PASS
  28    378    189    189   1.5025e-03 0.9623344729  1.05463   PASS
  29    406    203    203   1.3562e-03 0.9635897404  1.05590   PASS
  30    435    217    217   1.2284e-03 0.9647756729  1.05673   PASS
  31    465    232    232   1.1161e-03 0.9658767373  1.05782   PASS
  32    496    248    248   1.0171e-03 0.9669033223  1.05909   PASS
  33    528    264    264   9.2946e-04 0.9678788840  1.06000   PASS
  34    561    280    280   8.5163e-04 0.9688056532  1.06061   PASS
  35    595    297    297   7.8226e-04 0.9696742330  1.06140   PASS
  36    630    315    315   7.2022e-04 0.9704908269  1.06233   PASS
  37    666    333    333   6.6457e-04 0.9712701993  1.06300   PASS
  38    703    351    351   6.1452e-04 0.9720140065  1.06347   PASS
  39    741    370    370   5.6937e-04 0.9727162295  1.06407   PASS
  40    780    390    390   5.2853e-04 0.9733807895  1.06477   PASS
  41    820    410    410   4.9151e-04 0.9740174328  1.06529   PASS
  42    861    430    430   4.5788e-04 0.9746273859  1.06565   PASS
  43    903    451    451   4.2724e-04 0.9752066147  1.06612   PASS
  44    946    473    473   3.9927e-04 0.9757577135  1.06666   PASS
  45    990    495    495   3.7370e-04 0.9762873710  1.06707   PASS
  46   1035    517    517   3.5026e-04 0.9767965032  1.06736   PASS
  47   1081    540    540   3.2875e-04 0.9772823051  1.06773   PASS
  48   1128    564    564   3.0896e-04 0.9777465587  1.06817   PASS
  49   1176    588    588   2.9073e-04 0.9781940044  1.06849   PASS
  50   1225    612    612   2.7390e-04 0.9786253357  1.06873   PASS
  51   1275    637    637   2.5835e-04 0.9790385413  1.06903   PASS
  52   1326    663    663   2.4395e-04 0.9794348845  1.06939   PASS
  53   1378    689    689   2.3061e-04 0.9798178173  1.06966   PASS
  54   1431    715    715   2.1822e-04 0.9801878720  1.06985   PASS
  55   1485    742    742   2.0670e-04 0.9805435688  1.07010   PASS
  56   1540    770    770   1.9598e-04 0.9808858274  1.07039   PASS
  57   1596    798    798   1.8599e-04 0.9812172208  1.07062   PASS
  58   1653    826    826   1.7667e-04 0.9815381629  1.07079   PASS
  59   1711    855    855   1.6795e-04 0.9818475409  1.07100   PASS
  60   1770    885    885   1.5981e-04 0.9821460397  1.07124   PASS
  61   1830    915    915   1.5218e-04 0.9824356158  1.07143   PASS
  62   1891    945    945   1.4503e-04 0.9827165957  1.07157   PASS
  63   1953    976    976   1.3832e-04 0.9829881260  1.07175   PASS
  64   2016   1008   1008   1.3202e-04 0.9832507272  1.07195   PASS
  65   2080   1040   1040   1.2609e-04 0.9835059134  1.07212   PASS
  66   2145   1072   1072   1.2052e-04 0.9837539448  1.07224   PASS
  67   2211   1105   1105   1.1526e-04 0.9839941564  1.07239   PASS
  68   2278   1139   1139   1.1031e-04 0.9842269506  1.07257   PASS
  69   2346   1173   1173   1.0564e-04 0.9844535170  1.07271   PASS
  70   2415   1207   1207   1.0123e-04 0.9846740657  1.07282   PASS
  71   2485   1242   1242   9.7061e-05 0.9848880706  1.07295   PASS
  72   2556   1278   1278   9.3118e-05 0.9850958475  1.07310   PASS
  73   2628   1314   1314   8.9386e-05 0.9852983443  1.07322   PASS
  74   2701   1350   1350   8.5850e-05 0.9854957320  1.07332   PASS
  75   2775   1387   1387   8.2499e-05 0.9856875892  1.07343   PASS
  76   2850   1425   1425   7.9319e-05 0.9858741669  1.07356   PASS
  77   2926   1463   1463   7.6301e-05 0.9860562297  1.07367   PASS
  78   3003   1501   1501   7.3435e-05 0.9862339184  1.07375   PASS
  79   3081   1540   1540   7.0710e-05 0.9864068910  1.07386   PASS
  80   3160   1580   1580   6.8118e-05 0.9865753499  1.07397   PASS
  81   3240   1620   1620   6.5651e-05 0.9867399185  1.07407   PASS
  82   3321   1660   1660   6.3302e-05 0.9869007134  1.07414   PASS
  83   3403   1701   1701   6.1064e-05 0.9870574547  1.07423   PASS
  84   3486   1743   1743   5.8930e-05 0.9872103070  1.07433   PASS
  85   3570   1785   1785   5.6895e-05 0.9873597837  1.07442   PASS
  86   3655   1827   1827   5.4952e-05 0.9875059824  1.07449   PASS
  87   3741   1870   1870   5.3096e-05 0.9876486714  1.07457   PASS
  88   3828   1914   1914   5.1323e-05 0.9877879863  1.07466   PASS
  89   3916   1958   1958   4.9629e-05 0.9879243534  1.07473   PASS
  90   4005   2002   2002   4.8008e-05 0.9880578551  1.07479   PASS
  91   4095   2047   2047   4.6457e-05 0.9881882981  1.07486   PASS
  92   4186   2093   2093   4.4971e-05 0.9883157949  1.07495   PASS
  93   4278   2139   2139   4.3549e-05 0.9884407026  1.07501   PASS
  94   4371   2185   2185   4.2186e-05 0.9885630911  1.07507   PASS
  95   4465   2232   2232   4.0879e-05 0.9886827979  1.07513   PASS
  96   4560   2280   2280   3.9626e-05 0.9887999170  1.07521   PASS
  97   4656   2328   2328   3.8423e-05 0.9889147499  1.07527   PASS
  98   4753   2376   2376   3.7269e-05 0.9890273563  1.07532   PASS
  99   4851   2425   2425   3.6160e-05 0.9891375984  1.07538   PASS
 100   4950   2475   2475   3.5095e-05 0.9892455557  1.07544   PASS
 101   5050   2525   2525   3.4072e-05 0.9893514843  1.07550   PASS
 102   5151   2575   2575   3.3087e-05 0.9894554354  1.07555   PASS
 103   5253   2626   2626   3.2141e-05 0.9895572916  1.07560   PASS
 104   5356   2678   2678   3.1230e-05 0.9896571202  1.07566   PASS
 105   5460   2730   2730   3.0353e-05 0.9897551405  1.07571   PASS
 106   5565   2782   2782   2.9509e-05 0.9898513966  1.07575   PASS
 107   5671   2835   2835   2.8695e-05 0.9899457878  1.07580   PASS
 108   5778   2889   2889   2.7912e-05 0.9900383715  1.07586   PASS
 109   5886   2943   2943   2.7156e-05 0.9901293365  1.07590   PASS
 110   5995   2997   2997   2.6428e-05 0.9902187209  1.07594   PASS
 111   6105   3052   3052   2.5725e-05 0.9903064380  1.07599   PASS
 112   6216   3108   3108   2.5047e-05 0.9903925371  1.07604   PASS
 113   6328   3164   3164   2.4393e-05 0.9904771814  1.07608   PASS
 114   6441   3220   3220   2.3762e-05 0.9905604042  1.07611   PASS
 115   6555   3277   3277   2.3151e-05 0.9906421303  1.07616   PASS
 116   6670   3335   3335   2.2562e-05 0.9907224023  1.07620   PASS
 117   6786   3393   3393   2.1993e-05 0.9908013620  1.07624   PASS
 118   6903   3451   3451   2.1442e-05 0.9908790388  1.07627   PASS
 119   7021   3510   3510   2.0910e-05 0.9909553669  1.07631   PASS
 120   7140   3570   3570   2.0395e-05 0.9910303834  1.07635   PASS
 121   7260   3630   3630   1.9897e-05 0.9911042123  1.07639   PASS
 122   7381   3690   3690   1.9415e-05 0.9911768792  1.07642   PASS
 123   7503   3751   3751   1.8949e-05 0.9912483266  1.07646   PASS
 124   7626   3813   3813   1.8497e-05 0.9913185870  1.07650   PASS
 125   7750   3875   3875   1.8059e-05 0.9913877690  1.07653   PASS
 126   7875   3937   3937   1.7636e-05 0.9914558953  1.07656   PASS
 127   8001   4000   4000   1.7225e-05 0.9915229154  1.07659   PASS
 128   8128   4064   4064   1.6827e-05 0.9915888577  1.07663   PASS
 129   8256   4128   4128   1.6441e-05 0.9916538178  1.07666   PASS
 130   8385   4192   4192   1.6067e-05 0.9917178161  1.07668   PASS
 131   8515   4257   4257   1.5704e-05 0.9917808077  1.07671   PASS
 132   8646   4323   4323   1.5352e-05 0.9918428178  1.07675   PASS
 133   8778   4389   4389   1.5011e-05 0.9919039309  1.07678   PASS
 134   8911   4455   4455   1.4679e-05 0.9919641651  1.07680   PASS
 135   9045   4522   4522   1.4358e-05 0.9920234807  1.07683   PASS
 136   9180   4590   4590   1.4045e-05 0.9920818998  1.07686   PASS
 137   9316   4658   4658   1.3742e-05 0.9921394976  1.07689   PASS
 138   9453   4726   4726   1.3447e-05 0.9921962901  1.07691   PASS
 139   9591   4795   4795   1.3161e-05 0.9922522421  1.07694   PASS
 140   9730   4865   4865   1.2882e-05 0.9923073733  1.07697   PASS
 141   9870   4935   4935   1.2612e-05 0.9923617504  1.07699   PASS
 142  10011   5005   5005   1.2349e-05 0.9924153880  1.07701   PASS
 143  10153   5076   5076   1.2093e-05 0.9924682545  1.07704   PASS
 144  10296   5148   5148   1.1844e-05 0.9925203674  1.07707   PASS
 145  10440   5220   5220   1.1602e-05 0.9925717866  1.07709   PASS
 146  10585   5292   5292   1.1367e-05 0.9926225248  1.07711   PASS
 147  10731   5365   5365   1.1138e-05 0.9926725541  1.07713   PASS
 148  10878   5439   5439   1.0915e-05 0.9927218899  1.07716   PASS
 149  11026   5513   5513   1.0698e-05 0.9927705859  1.07718   PASS
 150  11175   5587   5587   1.0486e-05 0.9928186537  1.07720   PASS
 151  11325   5662   5662   1.0281e-05 0.9928660680  1.07722   PASS
 152  11476   5738   5738   1.0080e-05 0.9929128428  1.07725   PASS
 153  11628   5814   5814   9.8848e-06 0.9929590263  1.07727   PASS
 154  11781   5890   5890   9.6945e-06 0.9930046289  1.07729   PASS
 155  11935   5967   5967   9.5091e-06 0.9930496280  1.07731   PASS
 156  12090   6045   6045   9.3284e-06 0.9930940361  1.07733   PASS
 157  12246   6123   6123   9.1522e-06 0.9931378965  1.07735   PASS
 158  12403   6201   6201   8.9805e-06 0.9931812189  1.07737   PASS
 159  12561   6280   6280   8.8130e-06 0.9932239826  1.07739   PASS
 160  12720   6360   6360   8.6496e-06 0.9932661990  1.07741   PASS
 161  12880   6440   6440   8.4903e-06 0.9933079073  1.07743   PASS
 162  13041   6520   6520   8.3348e-06 0.9933491162  1.07744   PASS
 163  13203   6601   6601   8.1832e-06 0.9933898070  1.07746   PASS
 164  13366   6683   6683   8.0352e-06 0.9934299900  1.07748   PASS
 165  13530   6765   6765   7.8907e-06 0.9934697008  1.07750   PASS
 166  13695   6847   6847   7.7497e-06 0.9935089471  1.07751   PASS
 167  13861   6930   6930   7.6120e-06 0.9935477121  1.07753   PASS
 168  14028   7014   7014   7.4775e-06 0.9935860051  1.07755   PASS
 169  14196   7098   7098   7.3462e-06 0.9936238583  1.07757   PASS
 170  14365   7182   7182   7.2180e-06 0.9936612790  1.07758   PASS
 171  14535   7267   7267   7.0927e-06 0.9936982517  1.07760   PASS
 172  14706   7353   7353   6.9703e-06 0.9937347849  1.07762   PASS
 173  14878   7439   7439   6.8507e-06 0.9937709080  1.07763   PASS
 174  15051   7525   7525   6.7339e-06 0.9938066274  1.07765   PASS
 175  15225   7612   7612   6.6196e-06 0.9938419293  1.07766   PASS
 176  15400   7700   7700   6.5080e-06 0.9938768212  1.07768   PASS
 177  15576   7788   7788   6.3988e-06 0.9939113300  1.07769   PASS
 178  15753   7876   7876   6.2921e-06 0.9939454617  1.07771   PASS
 179  15931   7965   7965   6.1877e-06 0.9939792034  1.07772   PASS
 180  16110   8055   8055   6.0856e-06 0.9940125622  1.07774   PASS
 181  16290   8145   8145   5.9858e-06 0.9940455625  1.07775   PASS
 182  16471   8235   8235   5.8881e-06 0.9940782099  1.07777   PASS
 183  16653   8326   8326   5.7926e-06 0.9941104927  1.07778   PASS
 184  16836   8418   8418   5.6991e-06 0.9941424172  1.07780   PASS
 185  17020   8510   8510   5.6076e-06 0.9941740058  1.07781   PASS
 186  17205   8602   8602   5.5180e-06 0.9942052637  1.07782   PASS
 187  17391   8695   8695   5.4304e-06 0.9942361801  1.07783   PASS
 188  17578   8789   8789   5.3445e-06 0.9942667608  1.07785   PASS
 189  17766   8883   8883   5.2605e-06 0.9942970264  1.07786   PASS
 190  17955   8977   8977   5.1783e-06 0.9943269816  1.07787   PASS
 191  18145   9072   9072   5.0977e-06 0.9943566165  1.07789   PASS
 192  18336   9168   9168   5.0188e-06 0.9943859365  1.07790   PASS
 193  18528   9264   9264   4.9416e-06 0.9944149604  1.07791   PASS
 194  18721   9360   9360   4.8659e-06 0.9944436927  1.07792   PASS
 195  18915   9457   9457   4.7917e-06 0.9944721242  1.07794   PASS
 196  19110   9555   9555   4.7191e-06 0.9945002598  1.07795   PASS
 197  19306   9653   9653   4.6479e-06 0.9945281170  1.07796   PASS
 198  19503   9751   9751   4.5781e-06 0.9945556997  1.07797   PASS
 199  19701   9850   9850   4.5097e-06 0.9945829996  1.07798   PASS
 200  19900   9950   9950   4.4427e-06 0.9946100211  1.07800   PASS
 201  20100  10050  10050   4.3770e-06 0.9946367805  1.07801   PASS
 202  20301  10150  10150   4.3126e-06 0.9946632813  1.07802   PASS
 203  20503  10251  10251   4.2494e-06 0.9946895158  1.07803   PASS
 204  20706  10353  10353   4.1875e-06 0.9947154881  1.07804   PASS
 205  20910  10455  10455   4.1268e-06 0.9947412133  1.07805   PASS
 206  21115  10557  10557   4.0672e-06 0.9947666945  1.07806   PASS
 207  21321  10660  10660   4.0088e-06 0.9947919248  1.07807   PASS
 208  21528  10764  10764   3.9515e-06 0.9948169079  1.07808   PASS
 209  21736  10868  10868   3.8953e-06 0.9948416577  1.07809   PASS
 210  21945  10972  10972   3.8401e-06 0.9948661771  1.07810   PASS
 211  22155  11077  11077   3.7860e-06 0.9948904597  1.07811   PASS
 212  22366  11183  11183   3.7329e-06 0.9949145090  1.07812   PASS
 213  22578  11289  11289   3.6807e-06 0.9949383378  1.07813   PASS
 214  22791  11395  11395   3.6296e-06 0.9949619489  1.07814   PASS
 215  23005  11502  11502   3.5794e-06 0.9949853362  1.07815   PASS
 216  23220  11610  11610   3.5301e-06 0.9950085031  1.07816   PASS
 217  23436  11718  11718   3.4817e-06 0.9950314613  1.07817   PASS
 218  23653  11826  11826   3.4342e-06 0.9950542136  1.07818   PASS
 219  23871  11935  11935   3.3875e-06 0.9950767543  1.07819   PASS
 220  24090  12045  12045   3.3417e-06 0.9950990864  1.07820   PASS
 221  24310  12155  12155   3.2967e-06 0.9951212209  1.07821   PASS
 222  24531  12265  12265   3.2526e-06 0.9951431604  1.07822   PASS
 223  24753  12376  12376   3.2092e-06 0.9951648996  1.07823   PASS
 224  24976  12488  12488   3.1665e-06 0.9951864412  1.07824   PASS
 225  25200  12600  12600   3.1247e-06 0.9952077956  1.07825   PASS
 226  25425  12712  12712   3.0835e-06 0.9952289651  1.07825   PASS
 227  25651  12825  12825   3.0431e-06 0.9952499447  1.07826   PASS
 228  25878  12939  12939   3.0034e-06 0.9952707371  1.07827   PASS
 229  26106  13053  13053   2.9644e-06 0.9952913519  1.07828   PASS
 230  26335  13167  13167   2.9260e-06 0.9953117912  1.07829   PASS
 231  26565  13282  13282   2.8883e-06 0.9953320504  1.07830   PASS
 232  26796  13398  13398   2.8513e-06 0.9953521320  1.07831   PASS
 233  27028  13514  13514   2.8148e-06 0.9953720449  1.07831   PASS
 234  27261  13630  13630   2.7790e-06 0.9953917912  1.07832   PASS
 235  27495  13747  13747   2.7438e-06 0.9954113665  1.07833   PASS
 236  27730  13865  13865   2.7092e-06 0.9954307731  1.07834   PASS
 237  27966  13983  13983   2.6752e-06 0.9954500194  1.07835   PASS
 238  28203  14101  14101   2.6417e-06 0.9954691072  1.07835   PASS
 239  28441  14220  14220   2.6088e-06 0.9954880326  1.07836   PASS
 240  28680  14340  14340   2.5765e-06 0.9955067977  1.07837   PASS
 241  28920  14460  14460   2.5446e-06 0.9955254103  1.07838   PASS
 242  29161  14580  14580   2.5133e-06 0.9955438721  1.07838   PASS
 243  29403  14701  14701   2.4825e-06 0.9955621795  1.07839   PASS
 244  29646  14823  14823   2.4523e-06 0.9955803343  1.07840   PASS
 245  29890  14945  14945   2.4225e-06 0.9955983440  1.07841   PASS
 246  30135  15067  15067   2.3931e-06 0.9956162101  1.07841   PASS
 247  30381  15190  15190   2.3643e-06 0.9956339292  1.07842   PASS
 248  30628  15314  15314   2.3359e-06 0.9956515031  1.07843   PASS
 249  30876  15438  15438   2.3080e-06 0.9956689386  1.07843   PASS
 250  31125  15562  15562   2.2805e-06 0.9956862374  1.07844   PASS
 251  31375  15687  15687   2.2534e-06 0.9957033961  1.07845   PASS
 252  31626  15813  15813   2.2268e-06 0.9957204165  1.07846   PASS
 253  31878  15939  15939   2.2006e-06 0.9957373049  1.07846   PASS
 254  32131  16065  16065   2.1748e-06 0.9957540630  1.07847   PASS
 255  32385  16192  16192   2.1494e-06 0.9957706874  1.07847   PASS
 256  32640  16320  16320   2.1244e-06 0.9957871801  1.07848   PASS
 257  32896  16448  16448   2.0997e-06 0.9958035468  1.07849   PASS
 258  33153  16576  16576   2.0755e-06 0.9958197890  1.07849   PASS
 259  33411  16705  16705   2.0516e-06 0.9958359039  1.07850   PASS
 260  33670  16835  16835   2.0281e-06 0.9958518929  1.07851   PASS
 261  33930  16965  16965   2.0050e-06 0.9958677617  1.07851   PASS
 262  34191  17095  17095   1.9822e-06 0.9958835116  1.07852   PASS
 263  34453  17226  17226   1.9597e-06 0.9958991399  1.07853   PASS
 264  34716  17358  17358   1.9376e-06 0.9959146480  1.07853   PASS
 265  34980  17490  17490   1.9158e-06 0.9959300412  1.07854   PASS
 266  35245  17622  17622   1.8944e-06 0.9959453208  1.07854   PASS
 267  35511  17755  17755   1.8732e-06 0.9959604843  1.07855   PASS
 268  35778  17889  17889   1.8524e-06 0.9959755328  1.07856   PASS
 269  36046  18023  18023   1.8319e-06 0.9959904716  1.07856   PASS
 270  36315  18157  18157   1.8117e-06 0.9960053017  1.07857   PASS
 271  36585  18292  18292   1.7918e-06 0.9960200207  1.07857   PASS
 272  36856  18428  18428   1.7721e-06 0.9960346299  1.07858   PASS
 273  37128  18564  18564   1.7528e-06 0.9960491339  1.07859   PASS
 274  37401  18700  18700   1.7337e-06 0.9960635340  1.07859   PASS
 275  37675  18837  18837   1.7149e-06 0.9960778279  1.07860   PASS
 276  37950  18975  18975   1.6964e-06 0.9960920166  1.07860   PASS
 277  38226  19113  19113   1.6782e-06 0.9961061047  1.07861   PASS
 278  38503  19251  19251   1.6602e-06 0.9961200933  1.07861   PASS
 279  38781  19390  19390   1.6425e-06 0.9961339801  1.07862   PASS
 280  39060  19530  19530   1.6250e-06 0.9961477663  1.07863   PASS
 281  39340  19670  19670   1.6077e-06 0.9961614561  1.07863   PASS
 282  39621  19810  19810   1.5907e-06 0.9961750504  1.07864   PASS
 283  39903  19951  19951   1.5740e-06 0.9961885474  1.07864   PASS
 284  40186  20093  20093   1.5575e-06 0.9962019479  1.07865   PASS
 285  40470  20235  20235   1.5412e-06 0.9962152560  1.07865   PASS
 286  40755  20377  20377   1.5251e-06 0.9962284727  1.07866   PASS
 287  41041  20520  20520   1.5093e-06 0.9962415959  1.07866   PASS
 288  41328  20664  20664   1.4937e-06 0.9962546267  1.07867   PASS
 289  41616  20808  20808   1.4783e-06 0.9962675689  1.07867   PASS
 290  41905  20952  20952   1.4631e-06 0.9962804234  1.07868   PASS
 291  42195  21097  21097   1.4481e-06 0.9962931882  1.07868   PASS
 292  42486  21243  21243   1.4333e-06 0.9963058644  1.07869   PASS
 293  42778  21389  21389   1.4187e-06 0.9963184556  1.07869   PASS
 294  43071  21535  21535   1.4043e-06 0.9963309625  1.07870   PASS
 295  43365  21682  21682   1.3901e-06 0.9963433835  1.07870   PASS
 296  43660  21830  21830   1.3761e-06 0.9963557193  1.07871   PASS
 297  43956  21978  21978   1.3623e-06 0.9963679735  1.07871   PASS
 298  44253  22126  22126   1.3487e-06 0.9963801468  1.07872   PASS
 299  44551  22275  22275   1.3352e-06 0.9963922376  1.07872   PASS
 300  44850  22425  22425   1.3220e-06 0.9964042467  1.07873   PASS
 301  45150  22575  22575   1.3089e-06 0.9964161772  1.07873   PASS
 302  45451  22725  22725   1.2959e-06 0.9964280301  1.07873   PASS
 303  45753  22876  22876   1.2832e-06 0.9964398036  1.07874   PASS
 304  46056  23028  23028   1.2706e-06 0.9964514987  1.07874   PASS
 305  46360  23180  23180   1.2582e-06 0.9964631183  1.07875   PASS
 306  46665  23332  23332   1.2459e-06 0.9964746632  1.07875   PASS
 307  46971  23485  23485   1.2338e-06 0.9964861319  1.07876   PASS
 308  47278  23639  23639   1.2219e-06 0.9964975251  1.07876   PASS
 309  47586  23793  23793   1.2101e-06 0.9965088458  1.07877   PASS
 310  47895  23947  23947   1.1984e-06 0.9965200946  1.07877   PASS
 311  48205  24102  24102   1.1870e-06 0.9965312701  1.07878   PASS
 312  48516  24258  24258   1.1756e-06 0.9965423730  1.07878   PASS
 313  48828  24414  24414   1.1644e-06 0.9965534061  1.07878   PASS
 314  49141  24570  24570   1.1533e-06 0.9965643700  1.07879   PASS
 315  49455  24727  24727   1.1424e-06 0.9965752634  1.07879   PASS
 316  49770  24885  24885   1.1316e-06 0.9965860870  1.07880   PASS
 317  50086  25043  25043   1.1210e-06 0.9965968433  1.07880   PASS
 318  50403  25201  25201   1.1105e-06 0.9966075330  1.07880   PASS
 319  50721  25360  25360   1.1001e-06 0.9966181549  1.07881   PASS
 320  51040  25520  25520   1.0898e-06 0.9966287095  1.07881   PASS
 321  51360  25680  25680   1.0797e-06 0.9966391994  1.07882   PASS
 322  51681  25840  25840   1.0697e-06 0.9966496251  1.07882   PASS
 323  52003  26001  26001   1.0598e-06 0.9966599854  1.07882   PASS
 324  52326  26163  26163   1.0501e-06 0.9966702810  1.07883   PASS
 325  52650  26325  26325   1.0404e-06 0.9966805142  1.07883   PASS
 326  52975  26487  26487   1.0309e-06 0.9966906855  1.07884   PASS
 327  53301  26650  26650   1.0215e-06 0.9967007939  1.07884   PASS
 328  53628  26814  26814   1.0122e-06 0.9967108399  1.07884   PASS
 329  53956  26978  26978   1.0031e-06 0.9967208257  1.07885   PASS
 330  54285  27142  27142   9.9398e-07 0.9967307518  1.07885   PASS
 331  54615  27307  27307   9.8502e-07 0.9967406173  1.07886   PASS
 332  54946  27473  27473   9.7617e-07 0.9967504226  1.07886   PASS
 333  55278  27639  27639   9.6743e-07 0.9967601699  1.07886   PASS
 334  55611  27805  27805   9.5879e-07 0.9967698597  1.07887   PASS
 335  55945  27972  27972   9.5025e-07 0.9967794909  1.07887   PASS
 336  56280  28140  28140   9.4181e-07 0.9967890641  1.07887   PASS
 337  56616  28308  28308   9.3347e-07 0.9967985813  1.07888   PASS
 338  56953  28476  28476   9.2523e-07 0.9968080430  1.07888   PASS
 339  57291  28645  28645   9.1709e-07 0.9968174482  1.07889   PASS
 340  57630  28815  28815   9.0904e-07 0.9968267974  1.07889   PASS
 341  57970  28985  28985   9.0109e-07 0.9968360926  1.07889   PASS
 342  58311  29155  29155   8.9322e-07 0.9968453342  1.07890   PASS
 343  58653  29326  29326   8.8545e-07 0.9968545213  1.07890   PASS
 344  58996  29498  29498   8.7777e-07 0.9968636543  1.07890   PASS
 345  59340  29670  29670   8.7018e-07 0.9968727351  1.07891   PASS
 346  59685  29842  29842   8.6268e-07 0.9968817642  1.07891   PASS
 347  60031  30015  30015   8.5526e-07 0.9968907407  1.07891   PASS
 348  60378  30189  30189   8.4792e-07 0.9968996649  1.07892   PASS
 349  60726  30363  30363   8.4067e-07 0.9969085387  1.07892   PASS
 350  61075  30537  30537   8.3351e-07 0.9969173625  1.07892   PASS
 351  61425  30712  30712   8.2642e-07 0.9969261355  1.07893   PASS
 352  61776  30888  30888   8.1941e-07 0.9969348580  1.07893   PASS
 353  62128  31064  31064   8.1249e-07 0.9969435318  1.07893   PASS
 354  62481  31240  31240   8.0564e-07 0.9969521573  1.07894   PASS
 355  62835  31417  31417   7.9886e-07 0.9969607336  1.07894   PASS
 356  63190  31595  31595   7.9217e-07 0.9969692612  1.07894   PASS
 357  63546  31773  31773   7.8554e-07 0.9969777417  1.07895   PASS
 358  63903  31951  31951   7.7900e-07 0.9969861754  1.07895   PASS
 359  64261  32130  32130   7.7252e-07 0.9969945616  1.07895   PASS
 360  64620  32310  32310   7.6611e-07 0.9970029008  1.07896   PASS
 361  64980  32490  32490   7.5978e-07 0.9970111943  1.07896   PASS
 362  65341  32670  32670   7.5352e-07 0.9970194426  1.07896   PASS
 363  65703  32851  32851   7.4732e-07 0.9970276450  1.07896   PASS
 364  66066  33033  33033   7.4119e-07 0.9970358018  1.07897   PASS
 365  66430  33215  33215   7.3513e-07 0.9970439145  1.07897   PASS
 366  66795  33397  33397   7.2914e-07 0.9970519835  1.07897   PASS
 367  67161  33580  33580   7.2321e-07 0.9970600079  1.07898   PASS
 368  67528  33764  33764   7.1734e-07 0.9970679884  1.07898   PASS
 369  67896  33948  33948   7.1154e-07 0.9970759261  1.07898   PASS
 370  68265  34132  34132   7.0580e-07 0.9970838215  1.07899   PASS
 371  68635  34317  34317   7.0012e-07 0.9970916738  1.07899   PASS
 372  69006  34503  34503   6.9450e-07 0.9970994835  1.07899   PASS
 373  69378  34689  34689   6.8894e-07 0.9971072519  1.07900   PASS
 374  69751  34875  34875   6.8344e-07 0.9971149792  1.07900   PASS
 375  70125  35062  35062   6.7800e-07 0.9971226649  1.07900   PASS
 376  70500  35250  35250   6.7262e-07 0.9971303093  1.07900   PASS
 377  70876  35438  35438   6.6729e-07 0.9971379136  1.07901   PASS
 378  71253  35626  35626   6.6202e-07 0.9971454782  1.07901   PASS
 379  71631  35815  35815   6.5681e-07 0.9971530025  1.07901   PASS
 380  72010  36005  36005   6.5165e-07 0.9971604867  1.07902   PASS
 381  72390  36195  36195   6.4654e-07 0.9971679322  1.07902   PASS
 382  72771  36385  36385   6.4149e-07 0.9971753392  1.07902   PASS
 383  73153  36576  36576   6.3649e-07 0.9971827071  1.07902   PASS
 384  73536  36768  36768   6.3154e-07 0.9971900362  1.07903   PASS
 385  73920  36960  36960   6.2664e-07 0.9971973277  1.07903   PASS
 386  74305  37152  37152   6.2180e-07 0.9972045819  1.07903   PASS
 387  74691  37345  37345   6.1700e-07 0.9972117982  1.07903   PASS
 388  75078  37539  37539   6.1225e-07 0.9972189770  1.07904   PASS
 389  75466  37733  37733   6.0755e-07 0.9972261193  1.07904   PASS
 390  75855  37927  37927   6.0290e-07 0.9972332254  1.07904   PASS
 391  76245  38122  38122   5.9830e-07 0.9972402948  1.07904   PASS
 392  76636  38318  38318   5.9374e-07 0.9972473278  1.07905   PASS
 393  77028  38514  38514   5.8923e-07 0.9972543254  1.07905   PASS
 394  77421  38710  38710   5.8476e-07 0.9972612879  1.07905   PASS
 395  77815  38907  38907   5.8034e-07 0.9972682148  1.07906   PASS
 396  78210  39105  39105   5.7597e-07 0.9972751064  1.07906   PASS
 397  78606  39303  39303   5.7163e-07 0.9972819637  1.07906   PASS
 398  79003  39501  39501   5.6735e-07 0.9972887869  1.07906   PASS
 399  79401  39700  39700   5.6310e-07 0.9972955756  1.07907   PASS
 400  79800  39900  39900   5.5890e-07 0.9973023300  1.07907   PASS
#
# elapsed: 303.9 s
# rows: 397, failures: 0
# OVERALL: PASS -- all of C1..C6 hold exactly for 4 <= m <= 400 (C2/C3 with the known m=4 exception).
# checkpoint varfit values (exact Fraction -> 12 digits):
#   varfit(6) = 0.865740740741
#   varfit(40) = 0.973380789453
#   varfit(143) = 0.992468254483
#   varfit(150) = 0.992818653661
#   varfit(151) = 0.992866067980
#   varfit(189) = 0.994297026387
#   varfit(190) = 0.994326981574
#   varfit(200) = 0.994610021128
#   varfit(266) = 0.995945320837
#   varfit(267) = 0.995960484256
#   varfit(378) = 0.997145478224
#   varfit(379) = 0.997153002494
#   varfit(400) = 0.997302329987
